30 0.99 4 1
14 0.99 4 1
6 0.99 4 1
30 0.995 4 1
14 0.995 4 1
6 0.995 4 1
30 0.99 4 2
14 0.99 4 2
6 0.99 4 2
30 0.995 4 2
14 0.995 4 2
6 0.995 4 2
30 0.99 4 3
14 0.99 4 3
6 0.99 4 3
30 0.995 4 3
14 0.995 4 3
6 0.995 4 3
30 0.99 4 4
14 0.99 4 4
6 0.99 4 4
30 0.995 4 4
14 0.995 4 4
6 0.995 4 4
30 0.99 4 5
14 0.99 4 5
6 0.99 4 5
30 0.995 4 5
14 0.995 4 5
6 0.995 4 5
30 0.99 4 6
14 0.99 4 6
6 0.99 4 6
30 0.995 4 6
14 0.995 4 6
6 0.995 4 6
30 0.99 4 7
14 0.99 4 7
6 0.99 4 7
30 0.995 4 7
14 0.995 4 7
6 0.995 4 7
30 0.99 4 8
14 0.99 4 8
6 0.99 4 8
30 0.995 4 8
14 0.995 4 8
6 0.995 4 8
30 0.99 4 9
14 0.99 4 9
6 0.99 4 9
30 0.995 4 9
14 0.995 4 9
6 0.995 4 9
30 0.99 4 10
14 0.99 4 10
6 0.99 4 10
30 0.995 4 10
14 0.995 4 10
6 0.995 4 10
30 0.99 4 11
14 0.99 4 11
6 0.99 4 11
30 0.995 4 11
14 0.995 4 11
6 0.995 4 11
30 0.99 4 12
14 0.99 4 12
6 0.99 4 12
30 0.995 4 12
14 0.995 4 12
6 0.995 4 12
