0.1 0.00001 50 5 1
0.2 0.00001 50 5 1
0.3 0.00001 50 5 1
0.1 0.00001 30 5 1
0.2 0.00001 30 5 1
0.3 0.00001 30 5 1
0.1 0.00001 14 10 1
0.2 0.00001 14 10 1
0.3 0.00001 14 10 1
0.1 0.00001 10 10 1
0.2 0.00001 10 10 1
0.3 0.00001 10 10 1
0.1 0.00001 6 10 1
0.2 0.00001 6 10 1
0.3 0.00001 6 10 1
0.3 0.001 14 10 1
0.3 0.001 10 10 1
0.3 0.001 6 10 1
0.3 0.001 50 5 1
0.3 0.001 30 5 1
0.1 0.00001 50 5 2
0.2 0.00001 50 5 2
0.3 0.00001 50 5 2
0.1 0.00001 30 5 2
0.2 0.00001 30 5 2
0.3 0.00001 30 5 2
0.1 0.00001 14 10 2
0.2 0.00001 14 10 2
0.3 0.00001 14 10 2
0.1 0.00001 10 10 2
0.2 0.00001 10 10 2
0.3 0.00001 10 10 2
0.1 0.00001 6 10 2
0.2 0.00001 6 10 2
0.3 0.00001 6 10 2
0.3 0.001 14 10 2
0.3 0.001 10 10 2
0.3 0.001 6 10 2
0.3 0.001 50 5 2
0.3 0.001 30 5 2
0.1 0.00001 50 5 3
0.2 0.00001 50 5 3
0.3 0.00001 50 5 3
0.1 0.00001 30 5 3
0.2 0.00001 30 5 3
0.3 0.00001 30 5 3
0.1 0.00001 14 10 3
0.2 0.00001 14 10 3
0.3 0.00001 14 10 3
0.1 0.00001 10 10 3
0.2 0.00001 10 10 3
0.3 0.00001 10 10 3
0.1 0.00001 6 10 3
0.2 0.00001 6 10 3
0.3 0.00001 6 10 3
0.3 0.001 14 10 3
0.3 0.001 10 10 3
0.3 0.001 6 10 3
0.3 0.001 50 5 3
0.3 0.001 30 5 3
0.1 0.00001 50 5 4
0.2 0.00001 50 5 4
0.3 0.00001 50 5 4
0.1 0.00001 30 5 4
0.2 0.00001 30 5 4
0.3 0.00001 30 5 4
0.1 0.00001 14 10 4
0.2 0.00001 14 10 4
0.3 0.00001 14 10 4
0.1 0.00001 10 10 4
0.2 0.00001 10 10 4
0.3 0.00001 10 10 4
0.1 0.00001 6 10 4
0.2 0.00001 6 10 4
0.3 0.00001 6 10 4
0.3 0.001 14 10 4
0.3 0.001 10 10 4
0.3 0.001 6 10 4
0.3 0.001 50 5 4
0.3 0.001 30 5 4
0.1 0.00001 50 5 5
0.2 0.00001 50 5 5
0.3 0.00001 50 5 5
0.1 0.00001 30 5 5
0.2 0.00001 30 5 5
0.3 0.00001 30 5 5
0.1 0.00001 14 10 5
0.2 0.00001 14 10 5
0.3 0.00001 14 10 5
0.1 0.00001 10 10 5
0.2 0.00001 10 10 5
0.3 0.00001 10 10 5
0.1 0.00001 6 10 5
0.2 0.00001 6 10 5
0.3 0.00001 6 10 5
0.3 0.001 14 10 5
0.3 0.001 10 10 5
0.3 0.001 6 10 5
0.3 0.001 50 5 5
0.3 0.001 30 5 5
0.1 0.00001 50 5 6
0.2 0.00001 50 5 6
0.3 0.00001 50 5 6
0.1 0.00001 30 5 6
0.2 0.00001 30 5 6
0.3 0.00001 30 5 6
0.1 0.00001 14 10 6
0.2 0.00001 14 10 6
0.3 0.00001 14 10 6
0.1 0.00001 10 10 6
0.2 0.00001 10 10 6
0.3 0.00001 10 10 6
0.1 0.00001 6 10 6
0.2 0.00001 6 10 6
0.3 0.00001 6 10 6
0.3 0.001 14 10 6
0.3 0.001 10 10 6
0.3 0.001 6 10 6
0.3 0.001 50 5 6
0.3 0.001 30 5 6
0.1 0.00001 50 5 7
0.2 0.00001 50 5 7
0.3 0.00001 50 5 7
0.1 0.00001 30 5 7
0.2 0.00001 30 5 7
0.3 0.00001 30 5 7
0.1 0.00001 14 10 7
0.2 0.00001 14 10 7
0.3 0.00001 14 10 7
0.1 0.00001 10 10 7
0.2 0.00001 10 10 7
0.3 0.00001 10 10 7
0.1 0.00001 6 10 7
0.2 0.00001 6 10 7
0.3 0.00001 6 10 7
0.3 0.001 14 10 7
0.3 0.001 10 10 7
0.3 0.001 6 10 7
0.3 0.001 50 5 7
0.3 0.001 30 5 7
0.1 0.00001 50 5 8
0.2 0.00001 50 5 8
0.3 0.00001 50 5 8
0.1 0.00001 30 5 8
0.2 0.00001 30 5 8
0.3 0.00001 30 5 8
0.1 0.00001 14 10 8
0.2 0.00001 14 10 8
0.3 0.00001 14 10 8
0.1 0.00001 10 10 8
0.2 0.00001 10 10 8
0.3 0.00001 10 10 8
0.1 0.00001 6 10 8
0.2 0.00001 6 10 8
0.3 0.00001 6 10 8
0.3 0.001 14 10 8
0.3 0.001 10 10 8
0.3 0.001 6 10 8
0.3 0.001 50 5 8
0.3 0.001 30 5 8
0.1 0.00001 50 5 9
0.2 0.00001 50 5 9
0.3 0.00001 50 5 9
0.1 0.00001 30 5 9
0.2 0.00001 30 5 9
0.3 0.00001 30 5 9
0.1 0.00001 14 10 9
0.2 0.00001 14 10 9
0.3 0.00001 14 10 9
0.1 0.00001 10 10 9
0.2 0.00001 10 10 9
0.3 0.00001 10 10 9
0.1 0.00001 6 10 9
0.2 0.00001 6 10 9
0.3 0.00001 6 10 9
0.3 0.001 14 10 9
0.3 0.001 10 10 9
0.3 0.001 6 10 9
0.3 0.001 50 5 9
0.3 0.001 30 5 9
0.1 0.00001 50 5 10
0.2 0.00001 50 5 10
0.3 0.00001 50 5 10
0.1 0.00001 30 5 10
0.2 0.00001 30 5 10
0.3 0.00001 30 5 10
0.1 0.00001 14 10 10
0.2 0.00001 14 10 10
0.3 0.00001 14 10 10
0.1 0.00001 10 10 10
0.2 0.00001 10 10 10
0.3 0.00001 10 10 10
0.1 0.00001 6 10 10
0.2 0.00001 6 10 10
0.3 0.00001 6 10 10
0.3 0.001 14 10 10
0.3 0.001 10 10 10
0.3 0.001 6 10 10
0.3 0.001 50 5 10
0.3 0.001 30 5 10
0.1 0.00001 50 5 11
0.2 0.00001 50 5 11
0.3 0.00001 50 5 11
0.1 0.00001 30 5 11
0.2 0.00001 30 5 11
0.3 0.00001 30 5 11
0.3 0.001 50 5 11
0.3 0.001 30 5 11
0.1 0.00001 50 5 12
0.2 0.00001 50 5 12
0.3 0.00001 50 5 12
0.1 0.00001 30 5 12
0.2 0.00001 30 5 12
0.3 0.00001 30 5 12
0.3 0.001 50 5 12
0.3 0.001 30 5 12
0.1 0.00001 50 5 13
0.2 0.00001 50 5 13
0.3 0.00001 50 5 13
0.1 0.00001 30 5 13
0.2 0.00001 30 5 13
0.3 0.00001 30 5 13
0.3 0.001 50 5 13
0.3 0.001 30 5 13
0.1 0.00001 50 5 14
0.2 0.00001 50 5 14
0.3 0.00001 50 5 14
0.1 0.00001 30 5 14
0.2 0.00001 30 5 14
0.3 0.00001 30 5 14
0.3 0.001 50 5 14
0.3 0.001 30 5 14
0.1 0.00001 50 5 15
0.2 0.00001 50 5 15
0.3 0.00001 50 5 15
0.1 0.00001 30 5 15
0.2 0.00001 30 5 15
0.3 0.00001 30 5 15
0.3 0.001 50 5 15
0.3 0.001 30 5 15
0.1 0.00001 50 5 16
0.2 0.00001 50 5 16
0.3 0.00001 50 5 16
0.1 0.00001 30 5 16
0.2 0.00001 30 5 16
0.3 0.00001 30 5 16
0.3 0.001 50 5 16
0.3 0.001 30 5 16
0.1 0.00001 50 5 17
0.2 0.00001 50 5 17
0.3 0.00001 50 5 17
0.1 0.00001 30 5 17
0.2 0.00001 30 5 17
0.3 0.00001 30 5 17
0.3 0.001 50 5 17
0.3 0.001 30 5 17
0.1 0.00001 50 5 18
0.2 0.00001 50 5 18
0.3 0.00001 50 5 18
0.1 0.00001 30 5 18
0.2 0.00001 30 5 18
0.3 0.00001 30 5 18
0.3 0.001 50 5 18
0.3 0.001 30 5 18
0.1 0.00001 50 5 19
0.2 0.00001 50 5 19
0.3 0.00001 50 5 19
0.1 0.00001 30 5 19
0.2 0.00001 30 5 19
0.3 0.00001 30 5 19
0.3 0.001 50 5 19
0.3 0.001 30 5 19
0.1 0.00001 50 5 20
0.2 0.00001 50 5 20
0.3 0.00001 50 5 20
0.1 0.00001 30 5 20
0.2 0.00001 30 5 20
0.3 0.00001 30 5 20
0.3 0.001 50 5 20
0.3 0.001 30 5 20
